%=================================================
%
%
%                   PROJETO PDI
%         aluno: Leonardo Mendes Primo Brito
%
%
%
%=================================================
function a = get_true_locations
a(1,:) = [48,26];
a(2,:) = [61,20];%]; [63,140];
a(3,:) = [25,55];
a(4,:) = [33,18];%]; [35,118];
a(5,:) = [43,5];%]; [45,110];
a(6,:) = [30,30];
a(7,:) = [56,-10];%]; [60,92];
a(8,:) = [56,-1];%]; [60,121];
a(9,:) = [48,58];
a(10,:) = [27,1];%]; [28,100];
a(11,:) = [43,-2];%]; [43,99];
a(12,:) = [38,-5];%]; [40,100];
a(13,:) = [36,20];
a(14,:) = [58,36];
a(15,:) = [53,74];
a(16,:) = [58,7];%]; [58,105];%]; [59,198];
a(17,:) = [46,65];
a(18,:) = [70,101];
a(19,:) = [106,20];%]; [111,259];
a(20,:) = [83,10];%]; [84,110];%]; [85,230];
a(21,:) = [35,30];
a(22,:) = [54,65];
a(23,:) = [59,93];
a(24,:) = [40,0];
a(25,:) = [54,99];
a(26,:) = [36,-5];
a(27,:) = [62,30];%]; [67,177];
a(28,:) = [46,36];
a(29,:) = [12,68];
a(30,:) = [50,59];
a(31,:) = [34,28];
a(32,:) = [42,26];
a(33,:) = [55,2];%]; [56,101];
a(34,:) = [32,52];
a(35,:) = [52,32];
a(36,:) = [63,97];
a(37,:) = [48,13];
a(38,:) = [73,109];
a(39,:) = [54,43];
a(40,:) = [19,31];
a(41,:) = [95,88];%]; [95,179];
a(42,:) = [30,23];
a(43,:) = [28,0];
a(44,:) = [24,10];
a(45,:) = [49,7];
a(46,:) = [56,37];
a(47,:) = [77,24];%]; [79,129];
a(48,:) = [30,0];
a(49,:) = [36,3];
a(50,:) = [30,20];
a(51,:) = [38,20];
a(52,:) = [35,21];
a(53,:) = [23,45];
a(54,:) = [34,39];
a(55,:) = [35,36];
a(56,:) = [27,36];
a(57,:) = [25,15];
a(58,:) = [60,50];
a(59,:) = [31,6];
a(60,:) = [66,204];
a(61,:) = [47,34];
a(62,:) = [51,17];
a(63,:) = [32,30];
a(64,:) = [37,42];
a(65,:) = [54,99];
a(66,:) = [45,45];
a(67,:) = [64,35];%]; [68,130];
a(68,:) = [27,17];
a(69,:) = [58,6];%]; [61,117];
a(70,:) = [41,29];
a(71,:) = [41,-1];
a(72,:) = [38,47];
a(73,:) = [46,72];
a(74,:) = [54,10];
a(75,:) = [63,78];
a(76,:) = [58,53];
a(77,:) = [47,65];
a(78,:) = [16,21];
a(79,:) = [35,19];
a(80,:) = [46,39];
a(81,:) = [64,58];
a(82,:) = [59,122];
a(83,:) = [65,99];
a(84,:) = [36,31];
a(85,:) = [39,66];
a(86,:) = [54,17];
a(87,:) = [72,42];%]; [72,156];
a(88,:) = [59,4];
a(89,:) = [74,90];
a(90,:) = [50,18];
a(91,:) = [61,85];
a(92,:) = [45,67];
a(93,:) = [56,7];
a(94,:) = [55,78];
a(95,:) = [46,23];
a(96,:) = [54,72];
a(97,:) = [51,15];
a(98,:) = [77,100];
a(099,:) = [51,2];%]; [53,116];
a(100,:) = [24,-7];
a(101,:) = [30,3];
a(102,:) = [16,11];
a(103,:) = [29,0];
a(104,:) = [72,90];
a(105,:) = [48,10];%]; [53,117];
a(106,:) = [62,34];%]; [64,136];
a(107,:) = [50,69];
a(108,:) = [42,20];
a(109,:) = [77,19];%]; [78,123];
a(110,:) = [49,23];
a(111,:) = [56,84];
a(112,:) = [24,-4];
a(113,:) = [30,26];
a(114,:) = [52,-3];%]; [53,94];
a(115,:) = [31,16];
a(116,:) = [69,58];
a(117,:) = [51,41];
a(118,:) = [79,6];%]; [80,126];
a(119,:) = [36,39];
a(120,:) = [19,7];
a(121,:) = [17,20];
a(122,:) = [48,32];
a(123,:) = [56,-5];%]; [56,100];
a(124,:) = [26,9];
a(125,:) = [25,29];
a(126,:) = [40,30];
a(127,:) = [28,10];
a(128,:) = [42,27];
a(129,:) = [35,36];
a(130,:) = [72,115];
a(131,:) = [42,33];
a(132,:) = [55,39];
a(133,:) = [83,28];%]; [85,131];
a(134,:) = [35,44];
a(135,:) = [17,31];
a(136,:) = [46,28];
a(137,:) = [26,15];
a(138,:) = [41,46];
a(139,:) = [39,42];
a(140,:) = [40,1];
a(141,:) = [62,4];
a(142,:) = [30,23];
a(143,:) = [41,15];
a(144,:) = [50,11];%]; [49,124];
a(145,:) = [31,0];
a(146,:) = [35,18];
a(147,:) = [45,69];
a(148,:) = [45,11];
a(149,:) = [39,29];
a(150,:) = [45,27];
a(151,:) = [69,68];
a(152,:) = [40,20];
a(153,:) = [38,38];
a(154,:) = [36,25];
a(155,:) = [46,28];
a(156,:) = [51,48];
a(157,:) = [37,20];
a(158,:) = [41,17];
a(159,:) = [36,18];
a(160,:) = [76,17];
a(161,:) = [34,71];
a(162,:) = [40,29];
a(163,:) = [26,54];
a(164,:) = [38,33];
a(165,:) = [46,50];
a(166,:) = [62,31];%]; [61,137];
a(167,:) = [43,27];
a(168,:) = [34,22];
a(169,:) = [49,52];
a(170,:) = [47,31];
endfunction;